0.4003
-0.8242
-2.1682
0.0615
-3.4695
1.2792
1.0617
-1.8376
0.0856
7.8494
-0.5244
-2.0870
0.6978
4.4577
-3.2044
-0.9223
-0.7971
-4.6216
-4.8413
3.6908
-4.9163
2.0742
-4.8911
1.5337
5.3836
-0.6347
1.6287
-3.6807
2.4896
5.1293
3.7647
4.5645
5.1280
2.5384
-3.5198
-1.4166
-2.1104
2.5070
0.7345
0.7850
1.8570
3.1804
-4.8764
-1.6336
0.3391
5.9695
6.2045
0.3943
-3.4878
-2.4174
-3.5844
-4.5766
5.2259
-0.1295
3.1454
-3.4928
1.3844
-0.5298
1.1499
-1.8634
-3.2018
-2.2574
-5.8916
2.1372
2.6670
3.6354
0.5971
-4.1141
-2.2161
0.1732
0.3875
2.5110
0.8016
1.5264
-1.1854
0.5064
1.8705
-1.3056
-5.5170
2.4251
3.0958
-1.1271
-1.6264
-0.5312
-6.7948
-5.2241
-4.4904
5.1295
-3.2664
-3.6943
-5.6600
-3.8864
1.7470
-5.9915
-5.7579
-6.1426
-5.2051
1.5932
2.5836
1.4397
5.2240
-3.8216
-0.0495
6.1601
-4.7161
-3.5923
0.2665
3.3506
-1.0972
-1.1337
-3.7504
0.4816
4.1030
5.6653
1.5781
-3.5317
6.0566
5.0332
0.5468
-4.0714
1.3830
-4.3824
-2.8101
0.1116
-3.3255
-1.7034
7.1195
-2.4397
1.9685
9.6367
-0.7964
-0.7744
-3.2269
-0.4313
0.5627
3.2676
0.7228
-2.1559
4.6806
-1.0897
-5.1976
-2.9841
-10.6927
-0.8441
-3.0347
-2.7165
-1.7849
-0.7731
-1.8494
1.0053
-0.0326
4.9737
0.5465
2.3831
-2.2199
5.1373
-6.7701
-2.9706
1.3482
2.0338
2.6415
1.2113
-1.7562
0.6144
8.4578
-4.2661
0.2550
1.0385
-4.2056
-0.0905
-2.7575
1.3654
-5.5029
0.0244
-6.6787
1.2927
-3.8164
-2.0886
-2.2522
-3.1607
-0.4747
3.0015
-4.6138
0.0617
-0.5941
2.7899
3.9499
4.1590
1.9517
1.7446
-1.2138
-2.4201
-5.4600
-8.8286
0.6872
2.3510
-4.6617
-0.5396
-5.0746
-3.2359
-2.6093
-2.4081
-5.5466
-0.2486
-3.1407
-3.5189
-5.3670
6.5232
0.0784
3.1640
3.6670
-2.9804
1.6398
-0.3518
-6.8713
-0.1300
3.8337
-4.1191
-6.7785
-5.4491
0.3585
0.9856
-3.6893
4.2905
-0.1123
-2.4094
-1.3134
4.2683
5.2876
2.0172
-4.1647
-0.7040
-1.2513
-6.0329
4.2119
4.1803
-1.4023
1.2169
0.1632
-1.3539
-0.8907
0.3323
6.5503
-0.9025
0.9200
-3.3382
-2.1799
4.4929
-9.4246
10.6824
3.0597
-2.8494
5.4525
1.2024
-0.3307
-2.0636
-0.8012
-9.5786
0.4459
-0.7495
-5.7502
-5.6733
0.7554
3.6751
-1.2145
6.9292
0.9611
4.6169
0.3484
2.0932
-1.5870
3.0475
5.8337
-5.3713
4.2433
1.2065
2.1878
-4.3656
-0.4316
-1.0979
5.5898
3.3517
1.4523
9.4574
3.8440
0.8688
-1.0257
-1.1151
2.6331
-2.8382
-2.2620
-4.8323
2.4980
0.7362
4.4398
-8.4095
5.9297
-1.2460
4.3809
6.0598
-0.6485
-0.9648
-8.3170
-4.4218
-0.6872
1.0977
2.7490
5.1192
1.1695
0.9912
-2.8572
1.5095
-0.3545
2.8919
-0.7388
-3.1550
0.8025
1.3877
-1.2690
-5.6011
-2.3908
-2.5883
3.1079
5.4968
-2.7056
-7.0183
8.5427
4.4615
-3.4909
-1.8257
0.3965
-3.0511
-1.4504
-0.1049
-5.8785
2.1321
-5.2114
0.9756
5.5697
-1.8888
8.8345
5.1869
2.7012
6.4774
-3.4434
-1.0731
1.3255
1.6534
3.4193
3.9704
5.9518
0.6287
2.0521
-1.6080
-3.8690
-1.6361
-5.1365
-5.3535
1.1856
-3.5527
5.1575
0.8106
-4.0490
-7.6936
-0.1815
2.8974
2.1587
-3.0254
-5.1934
-3.7387
-2.2403
-4.0181
5.4643
3.6887
0.9242
-1.3911
-9.2736
-3.2073
-6.1812
-2.3804
3.5596
-5.6975
1.2571
-4.4304
-3.5856
0.2181
2.1522
-0.6471
-1.2742
-2.7984
0.9847
6.2693
5.5388
0.2410
4.3801
-1.1490
-4.8378
3.1260
1.2251
-4.2780
-1.8124
5.6830
-2.6216
3.8341
-2.3922
0.8270
-5.0709
1.9097
-2.1171
-1.9994
3.3359
-3.5302
1.3122
-1.5449
4.6145
5.6854
-4.8168
-3.8033
0.3159
5.0015
-0.9483
-4.8699
-2.9688
-1.8229
-0.2298
-4.9335
1.3704
-5.3656
-0.2276
-1.8661
-3.5242
-5.4070
-0.6817
-0.1286
-4.6826
-3.1602
-4.3660
1.3976
-0.8821
-0.9175
-0.2443
2.8291
6.8584
-1.4707
8.3673
-0.1926
-0.2258
-4.2037
-5.9386
-8.5252
1.8017
2.3451
0.8792
-2.6130
1.4810
-3.8862
5.0064
1.5605
-6.8029
5.7220
0.5095
0.8059
-2.8297
7.6716
-5.0984
1.8791
-4.0337
-4.6876
2.4237
1.2995
-2.1186
2.7193
6.2627
-0.7298
-3.7862
7.8433
5.4082
1.8408
1.8531
2.8948
2.4456
2.3717
0.4257
-4.2892
-3.0325
-2.5257
-4.8932
3.2997
-1.8392
-2.1617
-0.1989
-3.5909
9.7564
2.3196
3.6624
2.3248
1.1526
2.6241
-3.9597
-1.9674
2.5214
1.7559
1.1016
-1.2895
-5.9244
6.4870
3.9053
1.3542
-5.7832
0.2499
5.0020
7.9558
-7.8924
-1.9148
-1.9731
2.5176
-2.2367
3.5994
0.4417
3.2950
-0.7020
3.1096
1.1685
-2.6003
5.1347
5.0474
-1.5710
0.9016
-6.2528
-2.0785
2.4883
-5.1176
0.1527
-3.3064
-3.7581
3.8437
1.8700
4.9951
2.4915
1.0488
-3.9989
3.0529
-2.8721
-0.1139
-0.3835
-0.1054
0.4387
-3.0692
1.7396
3.4819
-6.3328
-0.7920
-2.3528
11.6229
0.9274
-4.5723
-7.0908
-1.6390
-5.6424
-7.6370
-4.3459
0.7753
1.2606
-1.8881
-0.4745
0.6470
-4.3169
-0.8158
4.2959
5.4401
-0.7885
-3.8949
-0.3676
-0.9759
4.3239
5.1577
-3.4213
2.2954
-4.0240
-1.8584
7.6400
4.4512
0.9217
0.9288
-1.1993
5.4500
-0.9633
-8.2262
-3.7115
-0.2618
7.3252
-0.0672
-0.9892
2.4076
-3.8831
-2.0287
-3.5477
-2.9857
-0.6045
1.9745
-5.2791
1.9184
6.7168
6.3973
-3.9957
-0.1858
2.8406
4.6791
4.1806
-1.5359
0.0859
-3.1847
4.4126
2.3520
8.8408
-4.3709
1.3791
-0.1713
4.2137
1.7974
2.4097
1.0275
-2.0027
2.7946
-6.2479
-9.7903
1.8109
-1.9769
0.0823
-5.6356
3.2891
2.9040
-5.4815
-1.6061
-1.3772
6.9578
0.4815
-0.9802
5.1474
4.5495
5.7117
3.0244
-0.0697
5.3427
3.4150
5.8163
-1.9285
-4.8887
5.6151
7.2300
-3.0966
5.3594
3.3972
-5.9285
-1.1352
-3.4853
-7.3533
-3.1806
-4.3423
-1.2837
-0.4254
3.9392
2.0599
-0.2119
-5.3269
3.0723
-5.8350
7.9656
4.3200
-1.8376
0.0330
-0.8395
3.3094
7.8497
3.3509
1.5723
-1.6851
-1.9468
4.2965
-6.1130
-7.3265
-2.6710
5.1635
-0.1322
6.3353
1.1247
-0.8382
2.1827
0.5358
3.6585
-2.6642
-4.5343
-6.8811
-1.3034
0.3716
1.4054
3.8769
-6.1509
-5.3577
3.9345
-3.8029
5.1917
4.7497
2.0876
2.5062
0.9994
5.7372
3.0579
6.4398
-1.5830
2.3014
3.0762
5.7185
-1.1238
-2.7288
-0.7750
6.0782
-0.4445
-6.8536
1.5756
1.0495
2.3653
3.7012
-3.4597
4.1563
-0.9024
-0.1753
4.1963
0.2885
3.0666
4.5896
-4.1578
-1.3111
1.5730
-5.0868
-5.2817
3.0393
1.2584
-3.8785
1.3864
-3.9302
-1.8570
0.9618
0.4906
-4.9509
-4.0026
-5.1455
-2.0477
-0.9553
2.3132
-2.6639
-6.0425
2.6689
-4.7482
2.0105
-5.1125
-0.6333
-3.6242
3.0812
-3.6539
-2.4481
3.8357
-1.6471
-2.4746
-4.0147
6.1959
0.7139
-2.6523
2.0594
-7.6344
4.2944
3.0813
0.5279
-5.3769
-3.0401
0.9508
-2.7656
-4.8413
-0.8114
2.5984
3.1936
-1.4910
1.4950
4.5627
3.8543
4.0415
6.1571
-2.8896
-0.3174
-0.4438
-3.5498
-6.3059
0.0495
-2.4346
-1.5867
3.1391
-0.9733
-3.0255
-3.0357
0.0356
-2.0276
0.6883
1.6347
3.9779
-0.5540
-5.9968
-1.5824
1.3771
-3.5954
5.9859
-0.7382
-0.8035
2.9621
-1.6847
3.6097
5.8202
-1.4726
4.7426
-2.2315
-1.5380
3.5452
-8.6455
3.4894
-0.1570
3.7838
-3.5770
0.5078
3.7417
-0.0461
-3.2806
6.2730
1.6093
2.0460
-6.6824
2.7477
-2.0490
-0.2444
2.5111
2.0096
2.1296
-6.0560
7.4723
5.6881
4.4840
-2.6285
-1.9147
0.0115
3.1899
-4.4468
6.8841
3.9774
-0.5864
0.9693
-12.0034
-2.7662
3.9058
-3.3367
-1.0664
-2.2589
1.8454
1.3136
-0.7810
0.1318
1.1902
-1.0888
-0.4810
-0.9002
3.5742
2.3926
2.1254
-2.8976
6.0212
-3.8548
3.9023
-1.3866
-1.5610
4.8306
-4.6073
-3.5849
-3.3232
5.7521
2.2944
12.7701
-1.9462
-3.1283
0.9387
1.5936
1.3310
-1.4829
2.0770
4.4065
2.1236
-1.7040
-2.5315
5.4232
2.4753
10.2493
2.5188
1.7671
-3.3929
0.3328
-2.1503
-2.4413
1.2920
-2.9263
0.2561
-3.7058
-7.4063
3.5602
6.9427
6.6010
1.1654
-0.6492
-5.3629
-1.3831
3.6600
0.4393
-2.2627
0.4804
-2.6991
0.9564
-0.9975
-2.8921
2.3124
3.2035
-1.5394
4.4264
-5.2901
-4.2690
-3.2238
2.8831
-5.2150
6.5221
-3.0960
-0.7922
-0.7301
1.9819
3.3929
3.1502
7.5141
3.9709
-2.0121
7.4489
6.7248
2.2385
5.9054
0.3826
1.0373
6.2690
-6.2916
2.9400
2.9891
6.2745
-3.0591
1.0678
-3.7821
-0.4621
1.1708
-2.1030
-2.8209
-0.3679
-0.8923
10.3111
-3.0720
4.2559
-0.5406
2.5970
-2.2427
3.8949
0.1540
1.3830
-9.3364
0.5190
-0.4219
-3.8909
1.3515
-3.2287
0.8377
0.1699
-3.6729
-6.7389
5.5206
1.8254
-2.1674
1.4500
-1.2155
-3.5886
2.5548
1.6016
2.6010
3.7174
4.0911
-5.2628
0.1977
-0.5814
-0.2209
0.5195
-0.1529
-4.0889
-0.3146
2.8680
-0.6866
6.3532
1.0480
-0.6866
0.3755
-5.5711
4.7401
-5.3052
2.4781
-0.3649
2.4794
0.1550
2.8840
-3.6430
-0.5998
-2.9534
-0.5427
-0.7509
-2.1650
-4.0244
1.5170
-4.7336
5.8638
