2.0167
4.4101
8.8788
-3.9636
1.7442
3.8370
-2.2699
-6.3965
0.0182
-1.2082
-7.2099
-1.2127
-3.6848
-2.6754
-0.2269
2.7593
1.3372
-1.6184
-6.4912
-3.7819
-3.4902
-0.3658
0.1087
-2.0204
-4.6678
-1.0280
-4.3166
4.9725
1.2783
-1.8577
3.9644
1.4408
-2.3485
5.3321
2.4764
-3.2306
0.6903
-1.7481
3.6807
5.0237
3.4389
0.0863
-3.8737
-0.0306
-3.2113
-0.1211
1.0969
2.4850
-0.1905
-1.3568
2.7389
1.6600
-1.0914
1.1238
-1.1129
-0.5722
1.4518
0.8546
6.6943
1.5363
-2.4545
-0.6366
6.8472
2.2874
2.5475
0.3537
2.0700
-0.7378
0.7095
2.3376
-2.1876
3.2315
1.1270
-6.3185
-0.5094
-2.0517
-0.5857
3.0206
5.4702
-3.5637
-3.4301
0.1087
2.9065
-2.8683
-0.4566
-4.6014
-2.1382
-1.9019
-0.3347
-5.3811
5.7285
-2.0435
-3.4639
-0.3555
-5.2105
-1.2954
-1.5459
3.0053
-0.4178
0.0466
1.3221
-1.1788
-1.6673
1.8011
-1.7410
1.3246
1.9832
-1.9455
-3.4155
-1.8804
-0.4399
1.2235
2.0689
2.5512
1.1297
-4.8244
8.3528
-4.2172
5.5663
2.7651
2.3749
-3.8188
-1.5897
1.6002
0.5565
4.9817
3.7314
-5.3651
-2.8743
2.1270
-1.3052
3.8587
1.5956
5.8152
0.2913
-3.7385
-1.8608
2.1528
-1.1666
2.0958
-0.8277
6.8993
-0.8612
3.2252
-2.0621
-3.0925
-4.4436
-0.4699
-2.9410
9.5034
5.1014
2.0749
3.7653
-4.9070
-1.3830
2.6472
-4.6471
-1.0180
-2.3694
-1.7138
1.4947
4.3853
-6.4182
5.2007
-0.6427
2.0047
1.4396
-5.0715
-0.7076
-0.7761
-5.9389
3.0108
-0.4481
-1.6886
1.3819
-3.3730
-2.8442
5.0173
2.5386
-1.7334
4.4021
4.3694
5.2340
2.5730
-2.1403
-3.3041
-0.6649
7.7775
7.1433
-0.3658
4.3956
-2.7801
0.4813
0.4443
0.2434
-5.5460
2.5011
-6.4112
2.7804
0.6222
-2.0561
0.6026
1.2422
0.1392
-1.8335
3.1733
3.9784
0.2450
1.9704
-0.3167
5.9654
0.0598
-0.6046
-5.1908
-2.1626
-1.5864
0.0460
4.8554
0.8689
-3.5155
2.3448
8.7875
4.3470
-0.2488
-6.1988
-4.4713
-1.5221
0.7962
-0.7783
-1.4354
-2.8370
2.2516
1.1254
0.8608
-0.7814
1.4839
-4.6049
-1.4927
-4.9226
2.9904
2.6702
0.9141
0.7715
0.7126
3.2429
-2.3833
-8.4586
4.3063
2.0220
-1.4819
-0.5992
3.4722
-5.4217
3.3083
-0.4053
-2.7507
-1.8985
1.1011
-4.0000
-4.8705
-0.6833
0.8889
-5.7485
3.0842
3.2411
2.1956
2.5714
-1.2079
-1.6646
1.8078
-2.9809
3.0396
4.3265
-0.5214
4.7672
3.4864
-6.6135
-0.6629
2.4449
-2.2930
3.9183
0.3106
2.1786
1.6336
6.0393
1.8158
-2.3122
0.9928
-4.3417
2.8702
-0.0128
4.6789
0.8179
-3.8607
2.2641
3.2641
1.5215
0.2043
-3.8397
-2.2288
0.1281
-2.3323
2.8240
-3.8202
-2.9099
0.0506
-6.1577
3.9547
-5.0082
3.9107
0.5583
0.1011
-3.8114
-1.6139
-0.4765
4.2933
-2.0993
0.9415
-3.0749
-2.7788
1.2860
0.6793
1.3033
-0.9808
0.1626
1.0136
1.3937
-2.1357
3.7245
1.7418
6.9637
-2.6346
-0.0213
-2.6916
1.5635
2.4393
-0.9717
0.6148
1.2390
-0.7480
-0.3139
3.7075
-4.1790
6.2636
-3.7439
1.4598
-1.4124
-9.0852
-4.3821
2.6294
8.0194
4.5728
-3.5653
0.7097
-1.1781
-4.1364
-0.0544
1.7344
-1.8685
-3.9021
-1.5967
-4.2015
1.4475
1.4323
-0.8359
-0.2202
2.1298
2.7245
-4.0476
4.9479
-5.1993
-0.3165
2.9223
1.0357
4.8701
-1.1149
1.2403
1.3401
-1.2122
3.6368
-1.7875
-3.5186
1.0595
4.0791
-5.6765
3.3414
1.7950
2.0218
-0.2320
0.5900
1.4426
-2.2053
2.9534
0.5130
-2.2306
-4.0172
0.8335
6.4267
-2.9392
0.2613
-1.5840
0.2070
2.4512
1.9105
-2.4802
2.1673
0.6416
-2.4781
0.5300
-0.9414
-2.2383
2.4988
-1.8456
0.2982
0.6886
0.3545
-3.9591
-0.2896
3.8332
0.2225
2.6950
-1.2375
2.9724
-0.1345
-4.1339
4.5450
1.0888
0.9864
-2.0886
-5.0847
1.5454
-0.6851
2.1948
-0.1289
1.2667
-2.1761
-0.2344
6.2721
-2.6312
-3.9053
2.3044
-1.7238
-0.6001
1.7682
-2.1091
1.2418
4.1911
-0.2640
4.2281
2.5751
-1.5509
5.5756
-1.0239
3.8031
-3.9148
-0.6221
-3.5332
-0.4290
5.1541
0.3429
-4.4018
-1.6454
0.2839
6.3074
4.3788
3.6238
-3.8545
0.3822
-1.0295
-3.4358
2.3310
1.4403
-3.5589
1.2096
1.2440
-0.7650
0.7765
0.5731
6.7680
3.7576
0.8052
-1.8765
-1.2967
2.2716
-0.5489
1.7678
-2.6706
6.8823
6.1196
-5.1160
4.9468
-6.8700
-1.9522
0.8821
-1.1605
-4.4939
0.0904
-2.5539
-1.7842
-1.3373
3.5245
-0.1314
-5.5787
-2.4471
-1.6141
5.3575
0.8947
1.2759
1.5138
1.9966
4.0482
1.1868
0.8065
-5.3609
5.6130
-5.6180
-5.5613
-4.2458
-2.0113
0.5021
2.2568
1.3987
0.7693
-2.6831
-1.2405
-1.3684
-1.8483
-1.2553
-0.1715
0.0446
-4.2798
-2.1959
2.8259
-3.0627
-2.3838
3.6057
-2.4133
1.1009
6.7047
-0.9686
3.1168
-5.0313
0.9978
-2.6586
3.2546
1.7693
2.3837
1.4843
-1.3881
-2.1935
0.6274
0.1378
-2.0984
-0.3056
-1.1306
-0.0326
4.3974
-0.4785
4.7418
-6.6813
2.9235
-2.4215
-0.1631
4.4204
0.8206
1.3684
-1.6442
-1.3496
-2.9407
6.0714
-0.3071
-3.7947
3.1877
5.1741
2.8781
-1.3606
2.3109
0.9666
-3.3891
1.2959
-4.5041
-3.3817
2.1744
0.4603
-0.0475
-0.0154
-0.8769
-1.9650
8.2164
-2.1278
-3.6088
0.7703
2.1907
-5.6134
-0.2796
0.7883
-0.4167
-3.7077
-2.8112
-0.4907
1.2627
1.2450
3.5315
0.4415
-7.0705
2.2903
5.8298
2.4937
2.4294
-0.8406
-3.8343
-1.4933
4.6064
1.9630
-0.7739
-4.8847
-0.6066
-6.5621
-0.3932
5.0583
-5.5814
2.0335
-0.5543
-1.9116
-0.7524
0.1347
-5.7307
-0.5427
-0.8915
-0.7414
0.4966
0.1264
-2.8214
2.8244
5.1622
1.9232
0.5006
1.8819
4.0915
-0.3338
-1.9619
2.1769
3.5479
-4.4382
3.2533
-1.5043
4.2162
1.6569
-3.2981
-3.6000
-5.6206
0.8423
-0.0194
1.1858
-0.0772
1.4498
-0.4780
0.7353
-1.9902
4.2256
2.9718
-0.2357
4.6206
-0.0722
-4.3842
1.7710
-0.4389
3.5887
-0.7851
1.9918
-1.4795
1.4107
-9.0394
5.4254
3.6907
-1.3634
-2.0430
1.2626
-0.8554
-5.4588
-0.8556
0.4867
-0.1703
4.0073
-2.5572
0.6879
2.8973
-3.5444
5.5593
-3.7122
0.0411
4.8109
4.5843
2.1018
-1.1601
-2.6550
2.6370
2.2257
-2.4211
-3.3310
-1.3506
2.2279
2.2208
-1.2742
4.2030
-0.8639
4.7071
0.4246
-2.7329
-1.4167
3.6755
-6.4253
1.5956
1.1842
-2.0301
6.3729
-4.5739
1.4642
4.8293
-1.3877
-3.6723
-2.1650
-2.0215
1.1696
-3.8740
-5.3968
4.5640
-3.7450
4.1449
-2.4289
-4.3316
3.1858
-1.6008
0.0516
-1.1349
-4.9839
-4.3477
-1.0460
-1.5546
1.0544
-0.2640
1.7285
1.7942
0.4576
0.0045
1.5694
-0.4835
1.4878
-1.5526
1.3390
2.2244
2.5594
-1.5694
1.8234
5.5804
-0.3272
1.2099
-1.1886
3.8584
-2.9642
2.4560
-3.8649
-2.9004
-0.3157
-1.4460
0.9066
6.0394
0.7000
-7.2692
1.9179
1.3889
-1.0739
-0.8857
-2.3978
-1.6011
3.5175
2.5857
-6.4285
-0.2919
1.3201
-3.1602
1.6015
0.6704
1.8862
-2.2711
0.3449
1.1567
0.2523
0.6079
1.2096
-9.9688
-0.5949
1.7074
1.0754
0.6033
1.0669
7.0405
-2.2344
1.1613
2.9812
-3.1057
4.6030
-0.5970
-1.7241
-1.9889
1.7825
-0.8724
-4.4474
-1.8640
1.6684
-6.5661
0.8736
-0.6756
-2.4206
-2.6723
-3.3837
-2.5272
0.1757
2.2376
-0.0925
-1.5741
1.9549
-2.1969
1.5801
0.2452
4.8338
4.9485
1.0480
-4.5798
-3.9593
3.6158
-2.9795
-1.3820
-2.1689
4.5917
-1.0027
0.1878
1.6081
6.0620
1.6018
1.6569
0.4423
4.8645
1.9436
4.3236
-2.6909
3.2877
3.0625
1.7574
-2.0632
2.6653
2.9447
0.1627
-5.2635
0.0724
2.7067
-2.4049
2.0779
-1.4933
-3.1378
1.3940
2.7229
2.4403
-0.5602
2.8012
-1.3426
1.3167
1.3980
-1.9400
2.0903
0.7294
-6.4260
-0.9490
6.2281
0.4318
3.6133
-1.0794
2.5909
-0.2021
0.0758
2.0284
1.0985
-1.7335
-4.8673
-5.8323
-0.1896
-0.7318
1.9992
-5.1630
8.2287
-1.9424
1.0101
0.7417
-2.7242
-0.9008
-3.0954
-0.1000
-5.6075
5.4908
0.8104
-0.1412
0.9661
1.6419
0.0993
-0.4839
-2.0769
-4.1946
-1.0028
3.2440
-4.0244
-0.0202
-6.5218
-5.1502
2.6987
-4.0762
1.0710
-0.9974
2.0180
-0.7205
-0.6375
-3.6621
0.1646
-2.0401
-6.5008
-0.9014
-3.4895
-1.8315
1.4443
-4.4495
-3.2191
1.0964
-0.7339
-1.6319
-4.8535
-0.2195
-0.3221
-1.0508
-5.7881
-3.0266
0.5335
4.6131
3.2657
-0.2399
-0.1519
3.8296
-1.1651
2.4518
-5.3354
-5.3947
-1.4554
1.4773
-6.3925
3.5072
-1.7485
-1.1985
-1.7283
-0.2659
4.6323
-0.3754
0.9181
-4.1313
3.4067
-1.0662
-3.2975
-1.0905
6.3375
2.2289
2.4107
-1.7748
-2.7995
-3.2134
-1.0185
3.5524
-1.5146
1.7676
0.3448
-1.9968
6.9141
-2.1625
-1.1000
-2.2033
4.7783
1.0956
-0.5707
-1.8288
1.5542
-1.4881
3.6180
-0.7053
-0.0871
-4.6293
2.8110
-3.0639
-2.7908
-0.0918
-4.5772
-1.8459
2.0583
1.5112
0.0461
1.7543
-3.4374
0.9135
7.3192
1.1474
1.9616
-1.6754
1.7143
4.8303
-0.1081
1.6672
-0.8551
0.8872
3.6710
-0.9478
-3.5667
1.5630
-3.6691
-3.2003
-7.3394
3.3042
-6.1677
2.6175
3.3251
1.1994
-3.8327
1.4742
-2.1697
3.1808
0.8567
2.0653
-5.1005
0.5976
-0.2744
1.0236
-3.5834
-1.3647
1.5089
-0.5557
-2.5902
1.2282
-4.8218
2.4982
1.6467
4.0445
-2.3480
-3.8689
3.9554
3.8830
4.3475
-1.8128
-1.9299
-2.2914
-3.5629
0.7865
-0.0217
-4.2576
0.3447
1.1329
1.8683
-0.2171
-0.4295
-2.3619
-1.2132
-3.4547
-2.3262
-0.4198
-1.0012
-3.4452
4.0319
-2.9116
6.7691
-1.8021
2.8031
2.8959
3.9142
-7.2239
-2.4681
1.5938
0.2119
3.5552
4.7342
1.0997
1.9897
0.4314
2.4196
-2.5541
-3.5632
1.3156
1.1972
-0.2762
0.1358
0.1990
5.3781
-5.2073
-3.1027
-1.1296
0.9851
-4.0377
4.0162
-0.3849
-0.2150
-4.7957
1.0074
-0.0602
0.4791
2.6316
2.2189
4.8476
-3.7769
1.4024
1.2196
-4.1385
1.2679
4.1182
1.3281
0.0225
3.9205
3.7048
3.6325
-2.4276
1.9841
4.6863
1.5613
-0.9916
-6.0054
4.2281
-3.9731
-2.3318
9.4553
-7.0441
-2.8366
-1.3667
2.6334
-0.3389
-1.0957
0.4389
-6.5975
-0.7563
0.1650
0.7568
-2.0662
-2.7066
-0.4967
1.6820
-2.0412
1.6279
5.0184
1.2685
1.1203
1.4426
1.9045
5.6022
-1.0596
-0.7617
3.1918
-3.2216
0.6926
1.4258
-5.6996
1.0461
-3.8117
0.8592
-3.5073
3.1008
-0.0654
-4.8299
-1.9050
-2.5943
-0.4823
2.1571
-5.7132
0.2941
-2.8783
-2.1814
-2.3155
1.7257
2.6812
-0.3099
-2.6585
-0.5706
-1.7100
-4.3698
-3.4785
3.0238
-0.6860
2.2281
1.8661
-1.4167
-0.0306
-2.1991
2.1495
5.9951
2.8615
0.8641
4.8234
1.9892
2.1496
2.3664
-3.3141
0.9580
-3.1164
0.1924
4.9944
-4.1212
0.2419
-4.0651
-1.6607
-2.5364
2.4914
-0.1650
-3.1800
1.5017
-0.9001
-2.5832
1.8186
5.7112
2.8693
-5.5030
-1.1561
-0.1952
3.0785
3.7166
-6.5997
-1.4907
-0.0732
2.2093
-4.2340
-7.0488
-0.2818
-2.9931
-2.3029
-5.9189
2.0102
-1.0287
-0.9812
3.6944
0.5444
1.7038
-1.9900
-1.7933
-2.5833
-0.6958
2.1382
5.4323
0.2031
4.1604
-0.1516
1.2086
-2.6229
-4.9851
-0.9647
-2.1757
-4.4618
-4.2002
2.9486
0.6959
0.3445
1.2685
-0.8493
-0.3654
3.1141
0.1522
5.7562
0.8253
-1.2598
0.3734
-0.6646
-7.0432
-3.0333
-1.9107
0.7473
-4.2196
-2.9930
-4.8728
4.9715
0.6111
-4.3582
-1.0099
4.7170
2.7601
5.4751
-8.0085
-0.8858
5.8526
-3.4766
3.0505
-3.9039
3.2187
-3.7594
5.3112
-2.0913
0.3061
1.8115
4.7006
-2.1961
1.2557
1.4052
0.3487
-0.6782
-1.8473
1.3793
1.5911
-8.7617
6.5774
-1.2160
-0.2085
1.8408
0.6294
-2.7347
-6.5345
0.4420
0.8408
-3.6988
1.4449
-1.6699
2.9522
1.7671
0.0752
5.5280
-0.0732
6.4036
2.2572
3.9233
5.4157
-5.1739
-2.3125
-0.7050
1.4263
-4.0201
1.3235
0.7997
3.7357
2.6841
-7.2363
-2.7141
1.7067
-0.9508
1.8670
-0.5838
4.7098
-4.6571
2.8569
-1.5903
1.3366
-0.9709
-0.2826
2.7084
3.9978
-2.3663
4.3165
-1.2533
1.6058
-3.3418
2.0653
4.3496
-4.6041
0.5331
1.1402
0.9675
-2.2614
0.8744
-4.2987
0.2443
3.2903
2.3787
-5.0614
-0.4730
0.0054
0.0999
1.7497
3.8569
6.5257
0.4749
0.9079
1.2593
1.5612
-1.7329
0.2135
-0.8497
0.2359
-0.1060
-1.2485
-6.2192
0.4612
-0.4840
-6.9623
0.1758
0.2019
0.8704
-0.6194
-3.1986
4.1856
-0.7982
-1.5736
4.6013
5.3457
3.5414
-4.2497
2.8953
-1.6049
-0.6458
1.0983
2.3204
-1.1411
3.7435
-4.8033
-2.1150
0.3060
-0.3013
2.7531
-1.0631
-2.1654
-0.6058
-1.7594
-1.0557
-0.2803
-1.3653
-4.5555
1.8124
2.8327
-1.2030
3.3125
6.5605
-4.2443
1.5668
-2.4216
1.5009
1.2396
-4.7128
-4.7466
0.3944
3.9640
3.1323
-2.1052
-6.8737
-2.5169
0.5053
1.5794
0.7216
0.6891
5.2711
3.5434
4.7666
1.5569
0.2529
1.5829
0.4795
-0.7247
-2.9696
-0.3991
-1.1087
-0.9771
3.5564
0.7570
-0.3073
4.1932
5.3315
-3.2235
0.4533
3.1240
5.0656
0.5676
-2.5281
-0.7989
-1.6332
0.7102
4.5752
-1.9773
4.5638
-3.2249
1.7862
1.6619
-0.4815
1.8126
-2.4035
-0.1011
4.3150
3.2335
1.9872
2.3147
4.1204
1.1724
-4.6873
-4.6163
2.2910
-2.5124
4.3822
-7.0674
3.0083
1.9027
0.9625
-0.2560
-0.7835
0.3866
-1.1840
6.7976
-1.9236
1.0511
-6.3318
0.1043
0.5836
-3.9163
2.7520
-5.9075
3.5653
1.6918
-1.0697
4.7694
-5.3300
-0.8679
-2.2208
-5.2569
5.0309
-0.5448
2.0691
-2.2405
-0.1445
-1.4579
-0.5780
-0.8987
-3.9343
0.8161
-0.5890
-1.1433
0.0671
-5.6339
0.0735
-2.5569
-3.7386
2.8472
0.5125
0.1375
-7.6409
-3.3675
-6.1270
2.2372
3.3091
3.8330
-0.6603
0.2897
2.3615
-4.0619
1.2488
-0.6038
1.4219
-5.7060
-1.8571
-1.6326
1.3615
-2.6748
-8.6889
0.3419
-0.4011
2.6247
0.9082
-1.3874
8.7796
-3.7699
-1.8881
0.9106
-2.3847
-0.3918
3.2165
3.8077
0.4395
0.1388
0.6671
-1.5261
5.6296
2.1063
2.5447
-3.3574
8.5954
0.1251
-3.5780
2.2531
2.9326
2.2626
1.7036
-0.3743
1.8097
-0.6201
-1.5481
-6.9730
1.6051
-4.3376
4.3609
-2.6472
6.5024
-1.0936
-6.3458
0.1461
2.5322
1.9293
-6.5479
3.4951
-1.1857
-3.3364
0.3238
0.5681
2.8292
-0.9129
-1.0677
3.6929
-0.5434
0.8503
4.8429
-2.6344
-3.3496
0.6456
1.9351
-1.3340
-2.3771
-8.1947
-4.5137
1.0709
2.4533
2.4356
-1.3912
-0.3090
-6.2187
-1.9069
3.7253
-1.8517
4.8923
6.8757
0.7893
-3.8658
-2.1442
-2.4950
-0.8442
2.1677
1.4345
1.8798
3.6573
2.8304
0.4605
-0.8365
2.2596
-2.5031
-0.8815
0.6686
-3.4511
3.9837
-2.1319
-1.6137
5.8022
-1.4883
1.1031
1.5358
0.3402
1.3721
-0.2556
-2.6922
1.9533
-1.4029
4.6632
2.8469
-0.8153
-3.5233
3.5845
1.9337
-1.8355
-2.1842
0.5650
4.3063
2.3853
1.6625
6.1619
0.7270
0.7331
-0.5318
-1.0211
2.2688
0.3698
-0.1571
-0.2557
0.2970
0.1308
-2.3508
-0.7724
-2.0000
1.3768
0.8243
7.8342
4.7374
2.1395
6.7638
-3.7550
-4.2147
2.8365
-0.5060
-8.1617
-2.7306
0.4403
2.3552
0.0286
0.4051
-1.6503
4.0033
-0.6808
-2.4346
-4.9748
1.9923
-0.6602
2.4820
-2.0097
2.8707
-5.6088
7.7088
4.0224
-1.1536
-4.7350
-0.7096
0.2010
-4.5959
2.4559
-3.6083
0.4519
0.4620
1.7196
5.6764
-1.4591
-1.6898
-3.5270
0.4743
-0.8458
0.5200
4.2341
-5.5644
-2.9284
-3.4033
-0.0419
2.1469
-0.7128
2.5724
5.9612
-0.3290
3.4379
-2.4837
2.0937
-5.1773
3.2949
-8.0094
4.7552
-0.2215
-1.7046
-5.4565
1.9789
-2.1797
-1.9408
3.7621
-4.0697
1.3688
-5.9311
3.0536
2.1186
-3.4096
0.5052
-0.9056
-1.4667
-2.6762
0.5894
-0.8072
2.6850
4.0160
1.1301
-5.8679
1.5347
6.6911
1.7478
-0.2660
-1.6094
-1.8817
7.3365
2.4639
-3.7474
-1.4296
-0.8697
0.2049
8.0294
-0.8649
-4.9543
1.3097
5.3374
-5.4870
-3.1549
-1.0270
4.0052
5.8216
4.3730
0.7604
-3.2095
0.8102
-2.1244
-4.4894
3.3380
-2.2110
-0.6985
1.5685
-1.4044
-2.2718
-2.6106
0.4063
1.4800
1.5800
-4.2075
-0.4790
-3.6835
-0.5252
0.9690
2.3163
0.5502
3.7806
-0.6113
2.7131
3.9797
3.2448
-5.3233
0.4539
-3.0915
-2.8440
-2.2576
-1.5578
0.9144
-2.1433
-1.3407
1.8216
-0.4029
4.1529
3.6408
-1.3675
-4.7988
2.6011
3.0772
-3.8826
-2.7872
-1.9505
2.0834
-1.3320
0.7837
-2.3832
-7.9715
-1.5676
2.4837
3.6826
-0.8701
-2.0728
0.1564
-1.3229
-6.4814
1.5139
2.3624
-4.2021
0.6355
-1.2909
-2.1589
-1.8325
-2.3938
-3.3719
-8.7049
-2.6895
2.1852
3.3544
2.5712
3.2874
-2.2005
-0.2136
-3.1331
-2.6088
-0.9173
1.9092
-4.3507
0.3910
3.9568
6.9925
-3.7897
2.1496
1.3695
1.6910
4.7636
2.8576
-2.7593
3.0035
-0.7749
-0.8589
-2.6422
-3.5683
-2.2140
-1.6714
6.1075
3.1189
-1.7022
2.1012
-1.6967
-2.1851
3.5431
2.1418
2.7486
-3.5017
0.6562
5.6802
1.5399
-1.5756
1.1624
3.2094
1.3277
-2.1636
-4.1712
0.0680
3.6471
2.7990
1.9388
2.0156
0.8373
0.5872
-3.6064
-1.7683
-0.3028
0.3809
1.5153
-5.3191
0.5130
-1.4760
2.1553
4.2977
-1.5585
-3.3863
3.1699
-3.7278
-9.5903
-4.5066
-4.0593
1.3513
-7.6177
6.5622
-1.0079
2.9171
-3.8634
3.1936
0.0720
0.6720
2.5516
-0.3270
0.2299
2.9142
3.1060
0.6849
-4.0850
0.6820
3.0135
-8.0907
-1.3287
-4.6365
-0.0449
1.2887
4.0119
1.7430
-2.0943
-0.3988
-1.1698
1.6206
1.3820
-0.9633
-0.6354
-0.6747
-0.2781
5.0803
6.0979
3.8319
2.0694
-4.0399
-1.7011
-1.1207
-5.2197
-1.2073
0.2184
1.7455
-1.7034
1.4282
-0.7059
-2.7984
-1.0969
1.9934
-2.7231
4.9798
5.6888
-2.4416
-3.3047
2.5474
1.8193
-2.5266
-3.1096
-0.9700
1.2049
-6.0393
1.1852
2.8018
1.2621
-9.0392
3.3527
0.6641
1.2307
-1.2373
-0.5199
1.3787
-2.3448
1.0815
-0.7202
2.7029
1.3605
6.1643
-6.8164
-2.1113
5.9535
4.1945
-0.0065
-1.2292
-8.1030
-0.9558
-3.1351
0.5865
0.6121
-4.1325
-0.9830
1.4108
-0.1744
-1.3310
1.4249
6.0594
1.7546
-2.1102
2.5780
-1.6293
-0.8015
3.6584
-2.4443
3.7096
-2.0316
-1.2347
-1.2940
-4.8593
1.9824
5.3144
5.0079
-1.5556
0.6215
